0.00205338809034908
0.00205338809034908
0.00205338809034908
0.00205338809034908
0.00205338809034908
0.00205338809034908
0.00205338809034908
0.00410677618069815
0.00205338809034908
0.00205338809034908
0.00205338809034908
0.00205338809034908
0.00205338809034908
0.00205338809034908
0.00205338809034908
0.00205338809034908
0.00205338809034908
0.00205338809034908
0.00205338809034908
0.0123203285420945
0.00205338809034908
0.00410677618069815
0.00205338809034908
0.0123203285420945
0.00205338809034908
0.00205338809034908
0.00205338809034908
0.00410677618069815
0.00205338809034908
0.00205338809034908
0.00205338809034908
0.00410677618069815
0.00205338809034908
0.00205338809034908
0.00205338809034908
0.00205338809034908
0.00205338809034908
0.00205338809034908
0.00205338809034908
0.00410677618069815
0.00205338809034908
0.00205338809034908
0.00205338809034908
0.00205338809034908
0.00205338809034908
0.00410677618069815
0.00205338809034908
0.00616016427104723
0.00205338809034908
0.00205338809034908
0.00205338809034908
0.00205338809034908
0.00205338809034908
0.00205338809034908
0.00205338809034908
0.0184804928131417
0.00205338809034908
0.00205338809034908
0.00205338809034908
0.00205338809034908
0.00205338809034908
0.00205338809034908
0.00205338809034908
0.00205338809034908
0.00205338809034908
0.00205338809034908
0.00205338809034908
0.00205338809034908
0.00205338809034908
0.00205338809034908
0.00205338809034908
0.00205338809034908
0.00205338809034908
0.00410677618069815
0.00205338809034908
0.00205338809034908
0.00205338809034908
0.00205338809034908
0.00205338809034908
0.00205338809034908
0.00205338809034908
0.00205338809034908
0.00205338809034908
0.00205338809034908
0.00205338809034908
0.00205338809034908
0.00205338809034908
0.00410677618069815
0.00205338809034908
0.00205338809034908
0.00205338809034908
0.00205338809034908
0.00205338809034908
0.00205338809034908
0.00205338809034908
0.00410677618069815
0.00205338809034908
0.00205338809034908
0.00205338809034908
0.00205338809034908
0.00410677618069815
0.00205338809034908
0.00205338809034908
0.0143737166324435
0.00205338809034908
0.00205338809034908
0.00205338809034908
0.00205338809034908
0.00205338809034908
0.00205338809034908
0.00205338809034908
0.00205338809034908
0.00205338809034908
0.00205338809034908
0.00205338809034908
0.00410677618069815
0.00205338809034908
0.00205338809034908
0.00205338809034908
0.0102669404517454
0.00205338809034908
0.00205338809034908
0.00205338809034908
0.00205338809034908
0.00205338809034908
0.00205338809034908
0.00205338809034908
0.00205338809034908
0.00205338809034908
0.00205338809034908
0.00205338809034908
0.00205338809034908
0.00205338809034908
0.00205338809034908
0.00205338809034908
0.00205338809034908
0.00205338809034908
0.00205338809034908
0.00205338809034908
0.00205338809034908
0.00205338809034908
0.00205338809034908
0.00205338809034908
0.00205338809034908
0.00205338809034908
0.00616016427104723
0.00205338809034908
0.0369609856262834
0.00205338809034908
0.0390143737166324
0.00205338809034908
0.119096509240246
0.00205338809034908
0.00205338809034908
0.00205338809034908
0.00205338809034908
0.00205338809034908
0.00205338809034908
0.00205338809034908
0.00205338809034908
0.00205338809034908
0.00205338809034908
0.00205338809034908
0.00205338809034908
0.00205338809034908
0.00205338809034908
0.00205338809034908
0.0431211498973306
0.00205338809034908
0.00205338809034908
0.00205338809034908
0.00205338809034908
0.00205338809034908
0.00205338809034908
0.00205338809034908
0.0246406570841889
0.00205338809034908
0.00616016427104723
0.00205338809034908
0.00410677618069815
0.00205338809034908
0.00205338809034908
0.00205338809034908
0.0862422997946612
0.00205338809034908
0.00205338809034908
0.00205338809034908
0.00205338809034908
0.00205338809034908
0.00205338809034908
0.00205338809034908
0.00205338809034908
0.00205338809034908
0.00205338809034908
0.00205338809034908
0.00205338809034908
0.00205338809034908
0.00205338809034908
0.00205338809034908
0.00205338809034908
0.00205338809034908
0.00205338809034908
0.00205338809034908
0.00205338809034908
0.00205338809034908
0.00205338809034908
0.00205338809034908
0.00205338809034908
0.00205338809034908
0.00205338809034908
0.00205338809034908
0.00410677618069815
0.00205338809034908
0.00205338809034908
0.00205338809034908
0.00410677618069815
0.00205338809034908
0.00205338809034908
0.00205338809034908
0.00205338809034908
0.00205338809034908
0.00205338809034908
0.00205338809034908
0.00205338809034908
0.00205338809034908
0.00205338809034908
0.00205338809034908
0.00205338809034908
0.00205338809034908
0.00205338809034908
0.00205338809034908
0.00205338809034908
0.00205338809034908
0.00205338809034908
0.00205338809034908
0.00205338809034908
0.00205338809034908
0.00205338809034908
0.00205338809034908
0.00205338809034908
0.00205338809034908
0.00205338809034908
0.00205338809034908
0.00205338809034908
0.00205338809034908
0.00205338809034908
0.00205338809034908
0.0390143737166324
0.00205338809034908
0.00205338809034908
0.00205338809034908
0.00205338809034908
0.00410677618069815
0.00205338809034908
0.00205338809034908
0.00205338809034908
0.486352357320099
0.48
0.0837988826815642
0.059748427672956
0.0719602977667494
0.2425
0.329608938547486
0.474842767295597
0.173697270471464
0.1225
0.279329608938547
0.128930817610063
0.267990074441687
0.155
0.307262569832402
0.336477987421384
0.22140221402214
0.210332103321033
0.464944649446494
0.103321033210332
0.136531365313653
0.210332103321033
0.202952029520295
0.450184501845018
0.0553505535055351
0.225092250922509
0.0701107011070111
0.649446494464945
0.0996309963099631
0.575645756457565
0.18450184501845
0.140221402214022
0.549815498154982
0.202952029520295
0.162361623616236
0.0848708487084871
0.693726937269373
0.118081180811808
0.129151291512915
0.0590405904059041
0.191881918819188
0.225092250922509
0.516605166051661
0.0664206642066421
0.11070110701107
0.494464944649447
0.29520295202952
0.0996309963099631
0.321611721611722
0.21172353455818
0.130102040816327
0.124018838304553
0.440033085194376
0.213962508080155
0.0981946279172171
0.166666666666667
0.134052388289676
0.133949191685912
0.162995594713656
0.0802139037433155
0.44213649851632
0.254468085106383
0.0907372400756144
0.197118533071382
0.316483516483516
0.219597550306212
0.362244897959184
0.237048665620094
0.189412737799835
0.192630898513251
0.518714222809335
0.217424242424242
0.517719568567026
0.301000769822941
0.488252569750367
0.301604278074866
0.243323442136499
0.243404255319149
0.405482041587902
0.299934512115259
0.232967032967033
0.356955380577428
0.292091836734694
0.331240188383046
0.180314309346567
0.383322559793148
0.239542051959489
0.253030303030303
0.178736517719569
0.315242494226328
0.205580029368576
0.154010695187166
0.172106824925816
0.419574468085106
0.275047258979206
0.235101506221349
0.128937728937729
0.21172353455818
0.215561224489796
0.307692307692308
0.190239867659222
0.210084033613445
0.143549097313959
0.362878787878788
0.169491525423729
0.249807544264819
0.143171806167401
0.464171122994652
0.142433234421365
0.0825531914893617
0.228733459357278
0.26784544859201
0.0811808118081181
0.346863468634686
0.501845018450184
0.0701107011070111
0.0590405904059041
0.549815498154982
0.214022140221402
0.177121771217712
0.0701107011070111
0.136531365313653
0.103321033210332
0.690036900369004
0.136531365313653
0.114391143911439
0.18450184501845
0.564575645756458
0.66789667896679
0.0701107011070111
0.191881918819188
0.0701107011070111
0.435424354243542
0.22140221402214
0.202952029520295
0.140221402214022
0.103321033210332
0.472324723247232
0.202952029520295
0.22140221402214
0.348909657320872
0.318302387267904
0.0658823529411765
0.133903133903134
0.236760124610592
0.116710875331565
0.418823529411765
0.458689458689459
0.305295950155763
0.220159151193634
0.381176470588235
0.116809116809117
0.109034267912773
0.344827586206897
0.134117647058824
0.290598290598291
0.00205338809034908
0.0410677618069815
0.00205338809034908
0.00205338809034908
0.00205338809034908
0.0082135523613963
0.00205338809034908
0.00410677618069815
0.00205338809034908
0.00205338809034908
0.00410677618069815
0.00205338809034908
0.00205338809034908
0.00205338809034908
0.00205338809034908
0.00205338809034908
0.00205338809034908
0.00205338809034908
0.00205338809034908
0.00205338809034908
0.00205338809034908
0.00205338809034908
0.00205338809034908
0.00205338809034908
0.00205338809034908
0.00205338809034908
0.00205338809034908
0.00205338809034908
0.00205338809034908
0.00205338809034908
0.00205338809034908
0.00205338809034908
0.0102669404517454
0.0369609856262834
0.0082135523613963
0.13347022587269
0.00616016427104723
0.0287474332648871
0.0102669404517454
0.00410677618069815
0.00410677618069815
0.0862422997946612
0.0082135523613963
0.0102669404517454
0.0164271047227926
0.00616016427104723
0.00205338809034908
0.00616016427104723
0.00205338809034908
0.00410677618069815
0.00616016427104723
0.00205338809034908
0.00205338809034908
0.00205338809034908
0.00205338809034908
0.00205338809034908
0.00205338809034908
0.026694045174538
0.00205338809034908
0.00616016427104723
0.00205338809034908
0.00205338809034908
0.00205338809034908
0.00205338809034908
0.00205338809034908
0.00205338809034908
0.00205338809034908
0.00205338809034908
0.00205338809034908
0.00205338809034908
0.00205338809034908
0.00205338809034908
0.00205338809034908
0.00205338809034908
0.00205338809034908
0.00205338809034908
0.00205338809034908
0.00205338809034908
0.00205338809034908
0.00205338809034908
0.00205338809034908
0.00205338809034908
0.00205338809034908
0.00205338809034908
0.00205338809034908
0.00205338809034908
0.00205338809034908
0.00205338809034908
0.00205338809034908
0.00205338809034908
0.00205338809034908
0.00205338809034908
0.00205338809034908
0.00205338809034908
0.00205338809034908
0.00205338809034908
0.00205338809034908
0.00205338809034908
0.00205338809034908
0.00205338809034908
0.00205338809034908
0.00205338809034908
0.00205338809034908
0.00205338809034908
0.00205338809034908
0.00205338809034908
0.00205338809034908
0.00205338809034908
0.00205338809034908
0.00205338809034908
0.00205338809034908
0.00205338809034908
0.00205338809034908
0.00410677618069815
0.00205338809034908
0.00205338809034908
0.00205338809034908
0.00205338809034908
0.00205338809034908
0.00205338809034908
0.00205338809034908
0.00205338809034908
0.00205338809034908
0.00410677618069815
0.00205338809034908
0.00205338809034908
0.00205338809034908
0.00205338809034908
0.00205338809034908
0.00410677618069815
0.00205338809034908
0.00205338809034908
0.00205338809034908
0.00205338809034908
0.00205338809034908
0.00205338809034908
0.00205338809034908
0.00205338809034908
0.00205338809034908
0.00205338809034908
0.00205338809034908
0.00205338809034908
0.00205338809034908
0.00205338809034908
0.00205338809034908
0.00205338809034908
0.00410677618069815
0.00410677618069815
0.00205338809034908
0.00205338809034908
0.00205338809034908
0.00205338809034908
0.00205338809034908
0.00205338809034908
0.00205338809034908
0.00205338809034908
0.00205338809034908
0.00205338809034908
0.00205338809034908
0.00205338809034908
0.00205338809034908
0.00205338809034908
0.00205338809034908
0.00205338809034908
0.00205338809034908
0.00205338809034908
0.00205338809034908
0.00205338809034908
0.00205338809034908
0.0308008213552361
0.00205338809034908
0.00205338809034908
0.00205338809034908
0.00205338809034908
0.00205338809034908
0.00205338809034908
0.00205338809034908
0.00205338809034908
0.00205338809034908
0.00205338809034908
0.00205338809034908
0.00205338809034908
0.00205338809034908
0.00205338809034908
0.00205338809034908
0.00205338809034908
0.00205338809034908
0.00205338809034908
0.00205338809034908
0.00205338809034908
0.00205338809034908
0.00410677618069815
0.00205338809034908
0.00205338809034908
0.00205338809034908
0.00205338809034908
0.00205338809034908
0.00205338809034908
0.00205338809034908
0.00205338809034908
0.00205338809034908
0.00205338809034908
0.00205338809034908
0.00205338809034908
0.00205338809034908
0.00205338809034908
0.00205338809034908
0.00205338809034908
0.00205338809034908
0.00205338809034908
0.00205338809034908
0.00205338809034908
0.00205338809034908
0.00205338809034908
0.00410677618069815
0.00205338809034908
0.00205338809034908
0.00205338809034908
0.00205338809034908
0.00205338809034908
0.00205338809034908
0.00205338809034908
0.00205338809034908
0.00205338809034908
0.00205338809034908
0.00205338809034908
0.00205338809034908
0.00205338809034908
0.00205338809034908
0.00205338809034908
0.00205338809034908
0.00205338809034908
0.00205338809034908
0.00205338809034908
0.00205338809034908
0.00205338809034908
0.00205338809034908
0.00205338809034908
0.00205338809034908
0.00205338809034908
0.00205338809034908
0.00205338809034908
0.00205338809034908
0.00410677618069815
0.00205338809034908
0.00205338809034908
0.00205338809034908
0.00205338809034908
0.00205338809034908
0.00205338809034908
0.00205338809034908
0.00205338809034908
0.00205338809034908
0.00205338809034908
0.00205338809034908
0.00205338809034908
0.277917453858451
0.261886569540846
0.225461351667105
0.157110854169678
0.220265949716611
0.226443564076716
0.329983423758464
0.260940887411476
0.253037349222497
0.294196207855249
0.247291833601448
0.30679288914583
0.248779247202442
0.217473658527189
0.197263390972983
0.275155369273016
