0
0
0
0
0
0
1
0
0
0.01
0.13
0.7
0.15
0.01
0
0
0
0
0
0
0
1
0
0
0
0
0
0.00206357098153871
0.00294748235857242
0.00409129117863822
0.00552230317381481
0.00724211166521833
0.00923251282906252
0.0114481646659779
0.0138071587079007
0.0161984298288441
0.0184929124679143
0.0205468900637431
0.0222296028061951
0.0234400800913237
0.0241170336263689
0.0242402764802834
0.0238692251095053
0.0231035133500227
0.022075140961066
0.020931317747372
0.0198146180703595
0.0188325493292503
0.0180515333350079
0.0174914455091052
0.017120639066753
0.0168802388821924
0.0166954875658724
0.0164898501518473
0.0162028451239581
0.0157969385868029
0.0152577400641634
0.0145976765980151
0.0138476022237998
0.0130479820342147
0.0122440820682629
0.0114794633517069
0.0107893320888738
0.0101984340560869
0.00972176123513529
0.0093551745605516
0.00908477926735373
0.0088872079882058
0.00873281578951146
0.00858932990343664
0.00842942145757154
0.00823255556065246
0.00798778614055679
0.00769596109084899
0.00736652964410215
0.00701628026971468
0.00666802092787705
0.00634713966685507
0.0060801696475211
0.00589549862949066
0.0058177196526884
0.00586701185897845
0.00605720549415264
0.0063948948227159
0.00686626576328608
0.00744433286771418
0.00808680650971042
0.00873689709169016
0.0093298102936577
0.00980208810377561
0.0100967980203217
0.0101709605087288
0.0100102522004035
0.00962060926631124
0.00902870573375127
0.00828330071843487
0.00744717303800257
0.00658558914723026
0.00576390863760727
0.00504024952975303
0.00445987696415257
0.00405567452761575
0.00385129941975924
0.00384944975406245
0.00404213716454489
0.00441036879382231
0.00492655311163455
0.00554568006980555
0.00621878199927319
0.00689099887065071
0.00750339718402719
0.00800241770738274
0.008342286873533
0.00848780600476204
0.00842079856530323
0.00814647508449432
0.00768453203007631
0.00706769953037306
0.0063422915881497
0.00555826547580935
0.00476201283865586
0.00399440591318746
0.00328569542951754
0.00265441906964377
0.00210921074224152
0.00165237802970243
0.00127637351150751
0.000972213964023127
0.000729978414923254
0.000540446766886822
0.000393296686527116
0.000280705348019279
0.000196174292046415
0.000134123717459844
8.9352877944915e-05
5.78739418800719e-05
3.64542879190776e-05
2.23159623929849e-05
1.32270600732167e-05
7.57878260058028e-06
4.21471274695769e-06
2.26969293412998e-06
0
0
0
0
0
0
1
0
0
0.0229885057471264
0.111111111111111
0.199233716475096
0.490421455938697
0.0996168582375479
0.0191570881226054
0.0191570881226054
0.0114942528735632
0.0153256704980843
0.0114942528735632
0
0
0
0
0
0
1
1
